######################## SEQUENCE 1 #################################
classifications: [1, 1, 1, 0, 0, 0, 0, 0, 0, 0, 0, 0, 0, 0, 0, 0, 0, 0, 0, 0, 0]

best seen = (39, [1, 1, 1, 1, 1, 0, 1, 0, 1, 1, 1, 0, 0, 0, 0, 1, 0, 0, 1, 0])
best individual = [(13, 1), (25, 0), (6, 1), (15, 0), (29, 1), (15, 0), (35, 2), (27, 0), (0, 2), (9, 1), (18, 0), (15, 2), (26, 1), (17, 0), (6, 2), (29, 0), (39, 1), (30, 2), (31, 0), (28, 2), (37, 1), (4, 2), (3, 1), (33, 2), (9, 0), (10, 1), (13, 2), (6, 0), (26, 1), (39, 0), (16, 1), (12, 0), (33, 1), (9, 2), (27, 1), (27, 2), (13, 0), (7, 1), (34, 2), (22, 1), (25, 0), (15, 2), (39, 0), (14, 1), (37, 2), (26, 0), (11, 2), (3, 0), (17, 1), (39, 0), (2, 2), (17, 1), (2, 2), (2, 0), (2, 1)]
####


filename: 'sequences1True-stripped.txt'
sequence: ['1', '9', '5', '8', '1']
classifications: [1, 1, 1, 0, 0, 0, 0, 0, 0, 0, 0]
best seen = (19, [1, 1, 1, 0, 0, 1, 1, 1, 0, 1, 0])
best individual = [(15, 2), (8, 0), (25, 1), (5, 0), (15, 2), (21, 0), (6, 2), (4, 1), (37, 0), (24, 1), (11, 2), (30, 1), (4, 2), (26, 0), (14, 1), (35, 0), (10, 2), (20, 0), (20, 1), (38, 2), (15, 0), (2, 2), (18, 1), (2, 2), (8, 0), (20, 2), (23, 0), (8, 2), (25, 0), (6, 2), (2, 1), (2, 0), (2, 1), (0, 0), (0, 1), (24, 0)]


filename: 'sequences1True-stripped.txt'
sequence: ['1', '9', '5', '8', '1']
classifications: [1, 1, 1, 0, 0, 0, 0, 0, 0, 0, 0]
best seen = (19, [1, 1, 1, 0, 1, 1, 1, 1, 0, 0, 0])
best individual = [(28, 0), (39, 2), (21, 0), (21, 2), (32, 0), (36, 2), (22, 0), (36, 1), (16, 2), (6, 1), (19, 2), (11, 0), (12, 1), (5, 0), (7, 1), (4, 0), (4, 1), (2, 2), (16, 1), (4, 0), (2, 2), (22, 1), (2, 2), (13, 1), (2, 2), (2, 1), (36, 0)]


filename: 'sequences1True-stripped.txt'
sequence: ['1', '9', '5', '8', '1']
classifications: [1, 1, 1, 0, 0, 0, 0, 0, 0, 0, 0]
best seen = (19, [1, 1, 1, 0, 1, 1, 1, 1, 0, 0, 0])
best individual = [(20, 2), (26, 1), (38, 0), (1, 2), (11, 1), (36, 0), (14, 1), (24, 0), (28, 1), (12, 0), (1, 2), (9, 1), (22, 0), (27, 1), (3, 0), (2, 1), (1, 2), (29, 0), (24, 2), (25, 0), (2, 1), (24, 0), (11, 1), (39, 2), (2, 1), (20, 0), (30, 1), (10, 0), (16, 1), (30, 0), (7, 1), (39, 0), (2, 1), (2, 2), (2, 1)]


filename: 'sequences1True-stripped.txt'
sequence: ['1', '9', '5', '8', '1']
classifications: [1, 1, 1, 0, 0, 0, 0, 0, 0, 0, 0]
best seen = (19, [1, 1, 1, 0, 0, 1, 1, 1, 0, 1, 0])
best individual = [(11, 1), (29, 0), (9, 1), (34, 2), (8, 1), (29, 0), (35, 2), (29, 0), (7, 2), (24, 0), (22, 2), (32, 0), (37, 1), (37, 0), (38, 2), (1, 0), (15, 2), (29, 1), (1, 2), (0, 1), (4, 2), (35, 1), (36, 2), (5, 1), (5, 2), (33, 1), (2, 0), (21, 1), (27, 2), (2, 1), (2, 0), (2, 1)]


filename: 'sequences1True-stripped.txt'
sequence: ['1', '9', '5', '8', '10']
classifications: [1, 1, 1, 0, 0, 0, 0, 0, 0, 0, 0]
best seen = (21, [1, 1, 1, 0, 0, 1, 0, 0, 0, 1, 0])
best individual = [(1, 0), (35, 2), (9, 1), (11, 0), (10, 1), (14, 0), (36, 1), (24, 0), (10, 1), (33, 0), (35, 2), (23, 0), (3, 2), (38, 1), (28, 2), (17, 1), (12, 2), (22, 1), (28, 2), (2, 0), (39, 1), (19, 2), (27, 1), (19, 0), (2, 2), (16, 0), (34, 1), (23, 0), (1, 1), (26, 2), (13, 1), (11, 0), (35, 2), (2, 1), (1, 0), (16, 2), (23, 0), (6, 1), (2, 2), (29, 0), (2, 1), (2, 2), (12, 0), (2, 2), (20, 0), (38, 2), (13, 0), (2, 1), (2, 0), (2, 2), (15, 0), (2, 1), (2, 2), (2, 1), (35, 2), (14, 0), (2, 2), (16, 1)]



######################## SEQUENCE 2 #################################
classifications: [0, 0, 1, 1, 1, 0, 0, 0, 0, 0, 0, 0, 0, 0, 0, 0, 0, 0, 0, 0]
best seen = (29, [1, 1, 1, 1, 0, 1, 0, 1, 1, 1, 0, 0, 0, 0, 1, 0, 0, 1, 0, 0])
best individual = [(22, 1), (11, 0), (4, 1), (23, 2), (19, 0), (9, 1), (13, 0)]


classifications: [0, 0, 1, 1, 1, 0, 0, 0, 0, 0, 0, 0, 0]
best seen = (21, [1, 0, 1, 1, 1, 0, 0, 0, 1, 0, 1, 1, 0])
best individual = [(21, 2), (12, 0), (10, 2), (1, 1), (9, 2), (15, 0), (17, 1), (2, 2), (10, 1), (10, 0), (30, 2), (27, 0), (8, 2), (3, 1), (2, 2), (2, 1), (2, 2), (24, 0), (2, 1)]
##

!!sequence: ['2', '3', '6', '7', '4']
classifications: [1, 1, 1, 0, 0, 0, 0, 0, 0, 0, 0]
best seen = (22, [1, 1, 1, 0, 0, 0, 0, 0, 0, 0, 1])
best individual = [(9, 1), (31, 0), (36, 1), (13, 2), (14, 1), (6, 2), (28, 1), (8, 0), (27, 2), (32, 0), (17, 2), (31, 1), (16, 0), (39, 1), (37, 0), (9, 1), (15, 2), (2, 1), (11, 2), (2, 1), (2, 2), (2, 0), (2, 2)]



######################## SEQUENCE 3 #################################
classifications: [1, 1, 1, 0, 0, 0, 0, 0, 0, 0, 0]
best seen = (19, [1, 1, 1, 0, 1, 0, 0, 1, 0, 1, 1])
best individual = [(15, 2), (10, 0), (3, 2), (30, 0), (37, 2), (13, 0), (14, 2), (5, 1), (28, 0), (28, 2), (36, 1), (6, 2), (33, 1), (8, 0), (31, 1), (2, 2), (2, 1), (3, 2), (32, 1), (2, 2), (2, 1)]


!!sequence: ['3', '6', '2', '5', '9']
classifications: [1, 1, 1, 0, 0, 0, 0, 0, 0, 0, 0]
best seen = (21, [1, 1, 1, 0, 1, 0, 0, 0, 0, 0, 1])
best individual = [(11, 2), (34, 0), (2, 1), (28, 0), (9, 1), (38, 0), (4, 2), (19, 1), (33, 0), (19, 1), (19, 2), (1, 0), (27, 2), (11, 0), (11, 2), (0, 0), (2, 2), (34, 0), (6, 2), (24, 1), (2, 0)]



######################## SEQUENCE 4 #################################
classifications: [1, 1, 1, 0, 0, 0, 0, 0, 0, 0, 0]
best seen = (20, [1, 1, 1, 0, 1, 1, 0, 0, 0, 0, 1])
best individual = [(8, 1), (32, 0), (2, 1), (25, 2), (20, 1), (18, 2), (33, 1), (36, 0), (11, 1), (30, 2), (36, 0), (14, 1), (28, 0), (25, 2), (17, 1), (1, 0), (13, 1), (25, 2), (13, 0), (23, 2), (20, 0), (7, 1), (2, 2), (20, 1)]


filename: 'sequences4True-stripped.txt'
classifications: [1, 1, 1, 0, 0, 0, 0, 0, 0, 0, 0]
best seen = (20, [1, 1, 1, 0, 1, 1, 0, 0, 0, 0, 1])
best individual = [(1, 1), (15, 0), (20, 1), (10, 0), (21, 2), (36, 1), (25, 0), (37, 2), (19, 1), (29, 0), (3, 2), (2, 1), (39, 0), (32, 1), (8, 2), (34, 1), (6, 2), (31, 0), (20, 1), (9, 2), (22, 0), (27, 2), (0, 0), (26, 2), (26, 0), (11, 1)]


filename: 'sequences4True-stripped.txt'
sequence: ['4', '2', '7', '8', '10']
classifications: [1, 1, 1, 0, 0, 0, 0, 0, 0, 0, 0]
best seen = (20, [1, 1, 1, 0, 1, 1, 0, 0, 0, 0, 1])
best individual = [(9, 0), (8, 1), (3, 0), (30, 2), (9, 1), (0, 0), (2, 1), (9, 0), (17, 1), (5, 0), (5, 2), (38, 0), (7, 1), (36, 0), (11, 1), (29, 0), (34, 1), (8, 2), (34, 1), (28, 0), (2, 1), (4, 2), (18, 1), (10, 2), (28, 0), (18, 2), (20, 1), (10, 0), (30, 1), (2, 0), (14, 1), (36, 0), (16, 1), (2, 0), (2, 1), (2, 2), (2, 0), (2, 2), (2, 0), (2, 1), (2, 0)]



######################## SEQUENCE 5 #################################
filename: 'sequences5True-stripped.txt'
sequence: ['5', '3', '6', '9', '1']
classifications: [1, 1, 1, 0, 0, 0, 0, 0, 0, 0, 0]
best seen = (20, [1, 1, 1, 0, 0, 1, 0, 0, 0, 1, 1])
best individual = [(16, 1), (27, 1), (18, 2), (20, 1), (31, 2), (34, 0), (16, 1), (16, 2), (5, 0), (29, 2), (9, 1), (19, 0), (13, 1), (23, 0), (19, 1), (0, 0), (18, 1), (29, 0), (24, 2), (28, 1), (22, 0), (24, 2), (13, 0), (16, 1)]



######################## SEQUENCE 6 #################################
filename: 'sequences6True-stripped.txt'
sequence: ['6', '3', '5', '2', '7']
classifications: [1, 1, 1, 0, 0, 0, 0, 0, 0, 0, 0]
best seen = (18, [1, 1, 1, 1, 1, 0, 0, 1, 0, 1, 1])
best individual = [(37, 1), (27, 0), (4, 2), (35, 1), (8, 2), (4, 1), (0, 2), (25, 1), (13, 2), (33, 1), (4, 2), (12, 0), (25, 1), (11, 0), (34, 2), (5, 1), (23, 2), (0, 0), (38, 1), (2, 2), (2, 0), (2, 1)]


filename: 'sequences6True-stripped.txt'
sequence: ['6', '3', '5', '2', '7']
classifications: [1, 1, 1, 0, 0, 0, 0, 0, 0, 0, 0]
best seen = (18, [0, 1, 1, 0, 0, 0, 0, 0, 0, 0, 0])
best individual = [(15, 1), (7, 0), (37, 1), (1, 0), (5, 1), (35, 2), (21, 1), (35, 0), (0, 1), (6, 2), (15, 0), (9, 1), (26, 0), (19, 1), (24, 2), (23, 1), (29, 0), (7, 1), (4, 2), (23, 1), (13, 0), (2, 2), (26, 1), (2, 2), (2, 0), (2, 1), (29, 0), (2, 2)]


filename: 'sequences6True-stripped.txt'
sequence: ['6', '3', '5', '2', '7']
classifications: [1, 1, 1, 0, 0, 0, 0, 0, 0, 0, 0]
best seen = (19, [1, 1, 1, 0, 1, 0, 1, 1, 0, 1, 0])
best individual = [(4, 2), (21, 1), (18, 2), (21, 1), (39, 2), (23, 0), (21, 2), (5, 0), (32, 2), (18, 0), (34, 2), (17, 0), (27, 1), (12, 0), (32, 1), (3, 2), (31, 1), (9, 2), (28, 0), (9, 2), (2, 1), (2, 2), (2, 0), (27, 1), (2, 0), (2, 2)]


######################## SEQUENCE 7 #################################
filename: 'sequences7True-stripped.txt'
sequence: ['7', '2', '6', '4', '1']
classifications: [1, 1, 1, 0, 0, 0, 0, 0, 0, 0, 0]
best seen = (17, [1, 1, 1, 1, 0, 1, 1, 1, 0, 1, 1])
best individual = [(17, 1), (19, 0), (35, 2), (38, 0), (12, 2), (33, 1), (8, 0), (18, 2), (16, 0), (6, 1), (27, 0), (23, 1), (3, 0), (2, 2), (6, 1), (33, 0), (2, 1), (2, 2), (2, 0), (2, 2), (12, 0), (2, 2)]


filename: 'sequences7True-stripped.txt'
sequence: ['7', '2', '6', '4', '1']
classifications: [1, 1, 1, 0, 0, 0, 0, 0, 0, 0, 0]
best seen = (19, [1, 1, 1, 1, 0, 1, 1, 0, 0, 1, 0])
best individual = [(36, 2), (20, 0), (31, 2), (4, 0), (30, 2), (2, 1), (30, 2), (32, 1), (12, 2), (27, 0), (13, 2), (38, 1), (30, 0), (24, 2), (12, 0), (16, 1), (2, 0), (16, 1), (30, 0), (2, 2), (28, 1), (16, 0), (2, 1)]


!!filename: 'sequences7True-stripped.txt'
sequence: ['7', '2', '6', '4', '1']
classifications: [1, 1, 1, 0, 0, 0, 0, 0, 0, 0, 0]
best seen = (20, [1, 1, 1, 1, 0, 0, 0, 1, 0, 1, 0])
best individual = [(10, 2), (39, 1), (15, 0), (24, 2), (29, 0), (4, 1), (17, 0), (0, 2), (2, 0), (18, 1), (36, 0), (17, 2), (12, 0), (3, 2), (18, 0), (32, 1), (26, 0), (23, 1), (20, 2), (17, 1), (35, 0), (32, 1), (2, 2), (27, 0), (2, 2), (3, 0), (28, 1), (0, 2), (14, 0), (15, 2), (15, 1), (16, 0), (2, 2), (2, 1), (28, 0), (29, 2), (2, 0), (2, 1), (2, 0), (2, 1)]



######################## SEQUENCE 8 #################################
!!filename: 'sequences8True-stripped.txt'
sequence: ['8', '1', '9', '1', '4']
classifications: [1, 1, 1, 0, 0, 0, 0, 0, 0, 0, 0]
best seen = (18, [0, 1, 1, 0, 0, 0, 0, 0, 0, 0, 0])
best individual = [(34, 2), (34, 2), (38, 0), (28, 2), (13, 0), (31, 2), (28, 0), (37, 2), (38, 1), (11, 0), (37, 1), (26, 2), (13, 1), (11, 2), (7, 1), (2, 2), (27, 0), (2, 2), (2, 1)]


filename: 'sequences8True-stripped.txt'
sequence: ['8', '1', '9', '1', '4']
classifications: [1, 1, 1, 0, 0, 0, 0, 0, 0, 0, 0]
best seen = (18, [1, 1, 1, 1, 1, 0, 1, 1, 0, 1, 0])
best individual = [(1, 2), (9, 1), (18, 0), (35, 2), (26, 1), (10, 0), (13, 1), (24, 2), (32, 1), (18, 2), (9, 1), (16, 2), (2, 1), (6, 0), (2, 1), (2, 0)]


filename: 'sequences8True-stripped.txt'
sequence: ['8', '1', '9', '1', '4']
classifications: [1, 1, 1, 0, 0, 0, 0, 0, 0, 0, 0]
best seen = (18, [1, 0, 1, 0, 0, 0, 0, 0, 0, 0, 0])
best individual = [(10, 2), (22, 0), (22, 2), (31, 0), (18, 1), (22, 0), (24, 2), (18, 0), (8, 1), (2, 0), (20, 2), (21, 0), (2, 2), (14, 1), (27, 2), (2, 0), (2, 1)]


filename: 'sequences8True-stripped.txt'
sequence: ['8', '1', '9', '1', '4']
classifications: [1, 1, 1, 0, 0, 0, 0, 0, 0, 0, 0]
best seen = (18, [0, 1, 1, 0, 0, 0, 0, 0, 0, 0, 0])
best individual = [(18, 0), (16, 2), (32, 1), (24, 2), (0, 1), (29, 0), (3, 1), (30, 0), (24, 1), (28, 2), (28, 1), (36, 2), (4, 0), (8, 1), (5, 0), (7, 2), (33, 1), (24, 0), (22, 1), (36, 0), (7, 2), (18, 0), (18, 1), (5, 2), (2, 1), (29, 0), (9, 2), (39, 1), (2, 2), (37, 1), (2, 2), (2, 1)]



######################## SEQUENCE 9 #################################
filename: 'sequences9True-stripped.txt'
sequence: ['9', '1', '8', '5', '3']
classifications: [1, 1, 1, 0, 0, 0, 0, 0, 0, 0, 0]
best seen = (21, [1, 1, 1, 0, 0, 0, 0, 0, 0, 1, 1])
best individual = [(8, 0), (5, 2), (18, 1), (21, 0), (8, 2), (33, 1), (2, 2), (24, 1), (26, 0), (14, 2), (30, 0), (36, 1), (2, 0), (25, 2), (35, 0), (5, 1), (27, 2), (16, 0), (35, 2), (2, 1), (2, 2), (2, 1)]


filename: 'sequences9True-stripped.txt'
sequence: ['9', '1', '8', '5', '3']
classifications: [1, 1, 1, 0, 0, 0, 0, 0, 0, 0, 0]
best seen = (19, [1, 1, 1, 0, 0, 0, 1, 1, 0, 1, 1])
best individual = [(31, 0), (24, 2), (9, 0), (23, 2), (32, 0), (27, 2), (29, 1), (4, 0), (30, 1), (3, 0), (5, 1), (38, 2), (12, 1), (5, 2), (2, 0)]



######################## SEQUENCE 10 #################################
filename: 'sequences10True-stripped.txt'
sequence: ['1', '8', '1', '4', '7']
classifications: [1, 1, 1, 0, 0, 0, 0, 0, 0, 0, 0]
best seen = (18, [1, 0, 1, 0, 0, 0, 0, 0, 0, 0, 0])
best individual = [(12, 1), (12, 2), (3, 1), (34, 0), (19, 2), (3, 0), (6, 1), (24, 0), (15, 1), (24, 0), (2, 1), (35, 0), (30, 1), (2, 0), (2, 2), (30, 1), (17, 2), (28, 1), (36, 2), (2, 0), (13, 1), (14, 0), (36, 2), (2, 1), (2, 2), (2, 0), (12, 1), (2, 0)]


filename: 'sequences10True-stripped.txt'
sequence: ['1', '8', '1', '4', '7']
classifications: [1, 1, 1, 0, 0, 0, 0, 0, 0, 0, 0]
best seen = (18, [1, 1, 1, 0, 1, 1, 0, 1, 1, 1, 0])
best individual = [(32, 2), (32, 0), (39, 2), (27, 0), (21, 2), (39, 1), (2, 2), (5, 1), (35, 2), (0, 1), (2, 2), (14, 0), (27, 2), (2, 0), (2, 1), (9, 2), (4, 1)]


filename: 'sequences10True-stripped.txt'
sequence: ['1', '8', '1', '4', '7']
classifications: [1, 1, 1, 0, 0, 0, 0, 0, 0, 0, 0]
best seen = (20, [1, 1, 1, 0, 1, 0, 0, 1, 0, 1, 0])
best individual = [(28, 0), (31, 2), (9, 1), (24, 2), (37, 1), (0, 0), (34, 2), (3, 1), (34, 0), (25, 1), (5, 2), (14, 1), (1, 0), (23, 2), (14, 0), (27, 2), (8, 0), (10, 1), (33, 2), (11, 0), (19, 1), (38, 0), (36, 1), (2, 0), (2, 2), (2, 0), (2, 1), (2, 2)]